<?xml version="1.0"?>
<opencv_storage>
<intrinsics type_id="opencv-matrix">
  <rows>3</rows>
  <cols>3</cols>
  <dt>d</dt>
  <data>
    3.8236417815351342e+02 0. 6.3990193945394503e+02 0.
    3.8320402542677635e+02 4.7750698556135796e+02 0. 0. 1.</data></intrinsics>
<coefficient type_id="opencv-matrix">
  <rows>4</rows>
  <cols>1</cols>
  <dt>d</dt>
  <data>
    5.8476398909517009e-02 -7.4141129529276525e-02
    3.5342587472937982e-02 -6.4837552156343081e-03</data></coefficient>
</opencv_storage>
