%YAML:1.0
K: !!opencv-matrix
   rows: 3
   cols: 3
   dt: d
   data: [ 2.7668159012808252e+02, 0., 3.2933359481601730e+02, 0.,
       2.7567544361734048e+02, 2.3290929522694174e+02, 0., 0., 1. ]
D: !!opencv-matrix
   rows: 4
   cols: 1
   dt: d
   data: [ 1.4425578685728678e-02, -3.7222275798663093e-02,
       2.7335810026840122e-02, -2.1492612300767011e-03 ]
