%YAML:1.0
K: !!opencv-matrix
   rows: 3
   cols: 3
   dt: d
   data: [ 2.7510679358026948e+02, 0., 3.1766128972833906e+02, 0.,
       2.7447614279279497e+02, 2.5292920168450550e+02, 0., 0., 1. ]
D: !!opencv-matrix
   rows: 4
   cols: 1
   dt: d
   data: [ 4.9041160033346673e-02, -1.3424578058036682e-01,
       1.4930496811091765e-01, -5.7095900253787926e-02 ]
