%YAML:1.0
K: !!opencv-matrix
   rows: 3
   cols: 3
   dt: d
   data: [ 2.7844088582895932e+02, 0., 3.1988817565736775e+02, 0.,
       2.7770001637403391e+02, 2.3932122333388031e+02, 0., 0., 1. ]
D: !!opencv-matrix
   rows: 4
   cols: 1
   dt: d
   data: [ 2.4795839631454174e-02, -8.6554896884596069e-02,
       1.0757549476743654e-01, -4.9085898977918915e-02 ]
