%YAML:1.0

#--------------------------------------------------------------------------------------------
# Camera Parameters. Adjust them!
#--------------------------------------------------------------------------------------------

# Camera calibration and distortion parameters (OpenCV) 
Camera.fx: 2.8648331412954929e+02
Camera.fy: 2.2737842437916296e+02
Camera.cx: 3.0951324629458185e+02
Camera.cy: 2.8291640543012215e+02

Camera.k1: 0.0
Camera.k2: 0.0
Camera.p1: 0.0
Camera.p2: 0.0

Camera.width: 640
Camera.height: 480

# Camera frames per second 
Camera.fps: 20.0

# stereo baseline times fx
Camera.bf: 28.64833

# Color order of the images (0: BGR, 1: RGB. It is ignored if images are grayscale)
Camera.RGB: 1

# Close/Far threshold. Baseline times.
ThDepth: 35


LEFT.K: !!opencv-matrix
   rows: 3
   cols: 3
   dt: d
   data: [ 2.7844088582895932e+02, 0., 3.1988817565736775e+02, 0.,
       2.7770001637403391e+02, 2.3932122333388031e+02, 0., 0., 1. ]
RIGHT.K: !!opencv-matrix
   rows: 3
   cols: 3
   dt: d
   data: [ 2.7024006694422860e+02, 0., 3.1751105812414090e+02, 0.,
       2.6845898837350620e+02, 2.3354886112098293e+02, 0., 0., 1. ]
LEFT.D: !!opencv-matrix
   rows: 4
   cols: 1
   dt: d
   data: [ 2.4795839631454174e-02, -8.6554896884596069e-02,
       1.0757549476743654e-01, -4.9085898977918915e-02 ]
RIGHT.D: !!opencv-matrix
   rows: 4
   cols: 1
   dt: d
   data: [ 1.5165997550356400e-02, -5.0398219585971495e-02,
       5.1243911037302393e-02, -1.8033351111933996e-02 ]
LEFT.R: !!opencv-matrix
   rows: 3
   cols: 3
   dt: d
   data: [ 9.9547862976445789e-01, -9.5967893813976024e-03,
       9.4499731829495476e-02, 9.5593805542929650e-03,
       9.9995394803713267e-01, 8.4855663897001783e-04,
       -9.4503523350696658e-02, 5.8638898597375725e-05,
       9.9552452538136094e-01 ]
RIGHT.R: !!opencv-matrix
   rows: 3
   cols: 3
   dt: d
   data: [ 9.9436299558210584e-01, -3.2258672457527150e-02,
       1.0100302504508968e-01, 3.2298663538377001e-02,
       9.9947749313631817e-01, 1.2397772282546947e-03,
       -1.0099024383877755e-01, 2.0294741237478027e-03,
       9.9488534609982338e-01 ]
LEFT.P: !!opencv-matrix
   rows: 3
   cols: 4
   dt: d
   data: [ 1.7388947222429425e+02, 0., 2.3877151623549133e+02, 0., 0.,
       1.7388947222429425e+02, 2.3290424097541023e+02, 0., 0., 0., 1.,
       0. ]
RIGHT.P: !!opencv-matrix
   rows: 3
   cols: 4
   dt: d
   data: [ 1.7388947222429425e+02, 0., 2.3877151623549133e+02,
       -1.7516123127601226e+04, 0., 1.7388947222429425e+02,
       2.3290424097541023e+02, 0., 0., 0., 1., 0. ]
LEFT.height: 480
LEFT.width: 640
RIGHT.height: 480
RIGHT.width: 640



#--------------------------------------------------------------------------------------------
# Stereo Rectification. Only if you need to pre-rectify the images.
# Camera.fx, .fy, etc must be the same as in LEFT.P
#--------------------------------------------------------------------------------------------



#--------------------------------------------------------------------------------------------
# ORB Parameters
#--------------------------------------------------------------------------------------------

# ORB Extractor: Number of features per image
ORBextractor.nFeatures: 1000

# ORB Extractor: Scale factor between levels in the scale pyramid 	
ORBextractor.scaleFactor: 1.2

# ORB Extractor: Number of levels in the scale pyramid	
ORBextractor.nLevels: 8

# ORB Extractor: Fast threshold
# Image is divided in a grid. At each cell FAST are extracted imposing a minimum response.
# Firstly we impose iniThFAST. If no corners are detected we impose a lower value minThFAST
# You can lower these values if your images have low contrast			
ORBextractor.iniThFAST: 20
ORBextractor.minThFAST: 7

#--------------------------------------------------------------------------------------------
# Viewer Parameters
#--------------------------------------------------------------------------------------------
Viewer.KeyFrameSize: 0.05
Viewer.KeyFrameLineWidth: 1
Viewer.GraphLineWidth: 0.9
Viewer.PointSize:2
Viewer.CameraSize: 0.08
Viewer.CameraLineWidth: 3
Viewer.ViewpointX: 0
Viewer.ViewpointY: -0.7
Viewer.ViewpointZ: -1.8
Viewer.ViewpointF: 500

