%YAML:1.0
K: !!opencv-matrix
   rows: 3
   cols: 3
   dt: d
   data: [ 2.7024006694422860e+02, 0., 3.1751105812414090e+02, 0.,
       2.6845898837350620e+02, 2.3354886112098293e+02, 0., 0., 1. ]
D: !!opencv-matrix
   rows: 4
   cols: 1
   dt: d
   data: [ 1.5165997550356400e-02, -5.0398219585971495e-02,
       5.1243911037302393e-02, -1.8033351111933996e-02 ]
