%YAML:1.0
K1: !!opencv-matrix
   rows: 3
   cols: 3
   dt: d
   data: [ 2.7890298425904297e+02, 0., 3.1323791993185705e+02, 0.,
       2.7752907512866238e+02, 2.5437445733805603e+02, 0., 0., 1. ]
K2: !!opencv-matrix
   rows: 3
   cols: 3
   dt: d
   data: [ 2.7963088988890274e+02, 0., 3.2692827574121293e+02, 0.,
       2.7800312620374075e+02, 2.4065197179228562e+02, 0., 0., 1. ]
D1: !!opencv-matrix
   rows: 4
   cols: 1
   dt: d
   data: [ 9.8725011268753805e-03, -6.6678355400302345e-03,
       -1.9894576184929198e-02, 1.7911760681636232e-02 ]
D2: !!opencv-matrix
   rows: 4
   cols: 1
   dt: d
   data: [ 1.0594218382490903e-02, -2.4496110799197619e-02,
       1.7409920354300439e-02, -3.3974028183135024e-03 ]
R: !!opencv-matrix
   rows: 3
   cols: 3
   dt: d
   data: [ 9.9999660408957181e-01, 7.9900918538942478e-04,
       -2.4806034842106721e-03, -7.6011945425532418e-04,
       9.9987741313299294e-01, 1.5639083249642853e-02,
       2.4927951659687942e-03, -1.5637144585750315e-02,
       9.9987462498128477e-01 ]
T: [ -9.9916373830642030e+01, 4.7399957495738160e-01,
    -6.5754566695066163e-01 ]
R1: !!opencv-matrix
   rows: 3
   cols: 3
   dt: d
   data: [ 9.9998370902110068e-01, -4.0471464576126107e-03,
       4.0252078149327500e-03, 4.0155553723033649e-03,
       9.9996131636114183e-01, 7.8256690668861741e-03,
       -4.0567237340898071e-03, -7.8093781342106414e-03,
       9.9996127755313713e-01 ]
R2: !!opencv-matrix
   rows: 3
   cols: 3
   dt: d
   data: [ 9.9996709451427057e-01, -4.7438068416586375e-03,
       6.5807435246407042e-03, 4.7951076306901588e-03,
       9.9995806822450395e-01, -7.8018418035972811e-03,
       -6.5434571518551898e-03, 7.8331404536937689e-03,
       9.9994791118294490e-01 ]
P1: !!opencv-matrix
   rows: 3
   cols: 4
   dt: d
   data: [ 1.8580023299980562e+02, 0., 3.1761237731554536e+02, 0., 0.,
       1.8580023299980562e+02, 2.5076136062906821e+02, 0., 0., 0., 1.,
       0. ]
P2: !!opencv-matrix
   rows: 3
   cols: 4
   dt: d
   data: [ 1.8580023299980562e+02, 0., 3.1761237731554536e+02,
       -1.8565096431744674e+04, 0., 1.8580023299980562e+02,
       2.5076136062906821e+02, 0., 0., 0., 1., 0. ]
Q: !!opencv-matrix
   rows: 4
   cols: 4
   dt: d
   data: [ 1., 0., 0., -3.1761237731554536e+02, 0., 1., 0.,
       -2.5076136062906821e+02, 0., 0., 0., 1.8580023299980562e+02, 0.,
       0., 1.0008040285861573e-02, 0. ]
