%YAML:1.0
K1: !!opencv-matrix
   rows: 3
   cols: 3
   dt: d
   data: [ 2.7844088582895932e+02, 0., 3.1988817565736775e+02, 0.,
       2.7770001637403391e+02, 2.3932122333388031e+02, 0., 0., 1. ]
K2: !!opencv-matrix
   rows: 3
   cols: 3
   dt: d
   data: [ 2.7024006694422860e+02, 0., 3.1751105812414090e+02, 0.,
       2.6845898837350620e+02, 2.3354886112098293e+02, 0., 0., 1. ]
D1: !!opencv-matrix
   rows: 4
   cols: 1
   dt: d
   data: [ 2.4795839631454174e-02, -8.6554896884596069e-02,
       1.0757549476743654e-01, -4.9085898977918915e-02 ]
D2: !!opencv-matrix
   rows: 4
   cols: 1
   dt: d
   data: [ 1.5165997550356400e-02, -5.0398219585971495e-02,
       5.1243911037302393e-02, -1.8033351111933996e-02 ]
R: !!opencv-matrix
   rows: 3
   cols: 3
   dt: d
   data: [ 9.9971980141352523e-01, 2.2748561927599213e-02,
       -6.5438208966890916e-03, -2.2750225798943022e-02,
       9.9974116392734336e-01, -1.7993137029214488e-04,
       6.5380339398682149e-03, 3.2875435676403217e-04,
       9.9997857278682434e-01 ]
T: [ -1.0016353745487508e+02, 3.2494599671345910e+00,
    -1.0174172135435459e+01 ]
R1: !!opencv-matrix
   rows: 3
   cols: 3
   dt: d
   data: [ 9.9547862976445789e-01, -9.5967893813976024e-03,
       9.4499731829495476e-02, 9.5593805542929650e-03,
       9.9995394803713267e-01, 8.4855663897001783e-04,
       -9.4503523350696658e-02, 5.8638898597375725e-05,
       9.9552452538136094e-01 ]
R2: !!opencv-matrix
   rows: 3
   cols: 3
   dt: d
   data: [ 9.9436299558210584e-01, -3.2258672457527150e-02,
       1.0100302504508968e-01, 3.2298663538377001e-02,
       9.9947749313631817e-01, 1.2397772282546947e-03,
       -1.0099024383877755e-01, 2.0294741237478027e-03,
       9.9488534609982338e-01 ]
P1: !!opencv-matrix
   rows: 3
   cols: 4
   dt: d
   data: [ 1.7388947222429425e+02, 0., 2.3877151623549133e+02, 0., 0.,
       1.7388947222429425e+02, 2.3290424097541023e+02, 0., 0., 0., 1.,
       0. ]
P2: !!opencv-matrix
   rows: 3
   cols: 4
   dt: d
   data: [ 1.7388947222429425e+02, 0., 2.3877151623549133e+02,
       -1.7516123127601226e+04, 0., 1.7388947222429425e+02,
       2.3290424097541023e+02, 0., 0., 0., 1., 0. ]
Q: !!opencv-matrix
   rows: 4
   cols: 4
   dt: d
   data: [ 1., 0., 0., -2.3877151623549133e+02, 0., 1., 0.,
       -2.3290424097541023e+02, 0., 0., 0., 1.7388947222429425e+02, 0.,
       0., 9.9273949467896788e-03, 0. ]
