%YAML:1.0
LEFT_K: !!opencv-matrix
   rows: 3
   cols: 3
   dt: d
   data: [ 2.7756010615521603e+02, 0., 3.2899158827312061e+02, 0.,
       2.7647117804165839e+02, 2.3255973895969882e+02, 0., 0., 1. ]
RIGHT_K: !!opencv-matrix
   rows: 3
   cols: 3
   dt: d
   data: [ 2.7877747720846696e+02, 0., 3.1225611214875357e+02, 0.,
       2.7822773254528931e+02, 2.4444303894790687e+02, 0., 0., 1. ]
LEFT_D: !!opencv-matrix
   rows: 4
   cols: 1
   dt: d
   data: [ 1.6780730930891524e-02, -4.2653179748994942e-02,
       4.2340849740104984e-02, -1.2806355015487686e-02 ]
RIGHT_D: !!opencv-matrix
   rows: 4
   cols: 1
   dt: d
   data: [ 9.3963534926465413e-03, -4.5912206266192940e-02,
       6.7593381288766005e-02, -3.1558620892558203e-02 ]
LEFT_R: !!opencv-matrix
   rows: 3
   cols: 3
   dt: d
   data: [ 9.9965682763674757e-01, -2.0671065876545904e-02,
       1.6091426125782904e-02, 2.0883563883007369e-02,
       9.9969541007443019e-01, -1.3151571604228890e-02,
       -1.5814667836485823e-02, 1.3483104673787461e-02,
       9.9978402776278508e-01 ]
RIGHT_R: !!opencv-matrix
   rows: 3
   cols: 3
   dt: d
   data: [ 9.9989516439988890e-01, -1.3435397483073123e-02,
       5.3991021652778637e-03, 1.3362296045841063e-02,
       9.9982153186599576e-01, 1.3354904025002674e-02,
       -5.5775670415133391e-03, -1.3281359554110606e-02,
       9.9989624273436095e-01 ]
LEFT_P: !!opencv-matrix
   rows: 3
   cols: 4
   dt: d
   data: [ 1.8520935672400654e+02, 0., 3.1222797459515652e+02, 0., 0.,
       1.8520935672400654e+02, 2.3788501022622552e+02, 0., 0., 0., 1.,
       0. ]
RIGHT_P: !!opencv-matrix
   rows: 3
   cols: 4
   dt: d
   data: [ 1.8520935672400654e+02, 0., 3.1222797459515652e+02,
       -1.8526561504404042e+04, 0., 1.8520935672400654e+02,
       2.3788501022622552e+02, 0., 0., 0., 1., 0. ]
